houston = np.array(
    [
        [1,2,3,5,5,4,6,6,6,5,5,5,5,5,6,5,5,6,6,6],
        [2,1,3,5,5,4,6,6,6,5,5,5,5,5,6,5,5,6,6,6],
        [3,3,1,5,5,4,6,6,6,5,5,5,5,5,6,5,5,6,6,6],
        [5,5,5,1,2,6,6,6,6,6,6,6,6,6,6,6,6,6,6,6],
        [5,5,5,2,1,6,6,6,6,6,6,6,6,6,6,6,6,6,6,6],
        [4,4,4,6,6,1,6,6,6,5,5,5,5,5,6,5,2,6,6,6],
        [6,6,6,6,6,6,1,6,6,6,6,6,6,6,6,6,6,6,6,6],
        [6,6,6,6,6,6,6,1,2,5,5,5,5,5,6,5,6,6,6,6],
        [6,6,6,6,6,6,6,2,1,5,5,5,5,5,6,5,6,6,6,6],
        [5,5,5,6,6,5,6,5,5,1,2,2,2,2,6,2,6,6,6,6],
        [5,5,5,6,6,5,6,5,5,2,1,3,2,2,6,2,6,6,6,6],
        [5,5,5,6,6,5,6,5,5,3,3,1,3,3,6,4,6,6,6,6],
        [5,5,5,6,6,5,6,5,5,2,2,3,1,2,6,2,6,6,6,6],
        [5,5,5,6,6,5,6,5,5,2,2,3,2,1,6,2,6,6,6,6],
        [6,6,6,6,6,6,6,6,6,6,6,6,6,6,1,6,6,3,3,6],
        [5,5,5,6,6,5,6,5,5,2,2,4,2,2,6,1,3,6,6,6],
        [5,5,5,6,6,2,6,6,6,6,6,6,6,6,6,3,1,6,6,6],
        [6,6,6,6,6,6,6,6,6,6,6,6,6,6,3,6,6,1,3,6],
        [6,6,6,6,6,6,6,6,6,6,6,6,6,6,3,6,6,3,1,6],
        [6,6,6,6,6,6,6,6,6,6,6,6,6,6,6,6,6,6,6,1],
    ]

)

trento = np.array(
    [
        [1,4,4,3,2,4],
        [4,1,4,4,4,3],
        [4,4,1,4,4,3],
        [3,4,4,1,3,4],
        [2,4,4,3,1,4],
        [4,3,3,4,4,1],
    ]
    )